
ICSAP13 <- c("A18","A19","A33","A34","A35","A36","A37","A51","A52","A53","A95",
           "B05","B06","B16","B26","B50","B51","B52","B53","B54","B77","I00",
           "I01","I02")
ICSAP14 <- c("A150","A151","A152","A153","A154","A155","A156","A157","A158",
             "A159","A160","A161","A162","A163","A164","A165","A166","A167",
             "A168","A169","A170","A171","A172","A173","A174","A175","A176",
             "A177","A178","A179","G000")
